F= [ 0 0 0;
    -0.001 0 1.186;
    0.24 -1 -44.6461];

p1=[300 300 1]';
F*p1
F^(-1)

w2=[-0.6 -1 311.1615]'

0\F*p1