F=[ 0 0 0 ;
    0 1 1.7321;
    0 -1.7321 1]

p=[2 3 1]'

F*p